
Starting training from epoch 1
------------------------------------------------------- [START 2025-11-14 15:18:31] -------------------------------------------------------

                                                       ** Starting UniBiFAS Model Training! **                                                       
| epoch |-------- VALID ---------|----------------------------- Train -----------------------------|----- Current Best -----|    time     |
|       | loss top-1  HTER  AUC  |    lr      L_bin    L_atk    L_art    L_seg   L_total    top-1  | top-1    HTER    AUC   |             |
|-----------------------------------------------------------------------------------------------------------------------------------------|
|   1   | 0.62 53.41 37.15 56.01 | 0.000001   0.364    0.657    0.593    0.151    1.766     90.63  | 53.41   37.15   56.01  | 0 min 31 sec|
|   2   | 0.64 53.54 36.17 56.16 | 0.000001   0.353    0.575    0.579    0.150    1.658     91.07  | 53.54   36.17   56.16  | 1 min 03 sec|
|   3   | 0.67 52.93 42.90 53.03 | 0.000002   0.351    0.529    0.565    0.151    1.597     91.02  | 53.54   36.17   56.16  | 1 min 33 sec|
|   4   | 0.59 67.72 31.28 74.23 | 0.000002   0.356    0.552    0.547    0.149    1.604     91.04  | 67.72   31.28   74.23  | 2 min 04 sec|
|   5   | 0.64 60.26 38.38 62.01 | 0.000002   0.351    0.567    0.534    0.149    1.602     90.88  | 67.72   31.28   74.23  | 2 min 34 sec|
|   6   | 0.58 64.26 28.94 71.54 | 0.000003   0.364    0.556    0.526    0.148    1.593     90.81  | 64.26   28.94   71.54  | 3 min 06 sec|
|   7   | 0.65 46.99 39.12 48.92 | 0.000003   0.357    0.577    0.518    0.147    1.598     90.82  | 64.26   28.94   71.54  | 3 min 36 sec|
|   8   | 0.57 69.94 29.31 77.19 | 0.000003   0.351    0.554    0.512    0.146    1.564     90.91  | 64.26   28.94   71.54  | 4 min 06 sec|
|   9   | 0.64 57.03 42.80 57.48 | 0.000004   0.345    0.555    0.503    0.144    1.547     90.85  | 64.26   28.94   71.54  | 4 min 36 sec|
|  10   | 0.60 66.18 33.62 72.26 | 0.000004   0.369    0.551    0.495    0.142    1.557     90.75  | 64.26   28.94   71.54  | 5 min 06 sec|
|  11   | 0.60 63.35 32.05 65.97 | 0.000004   0.359    0.533    0.489    0.141    1.521     91.02  | 64.26   28.94   71.54  | 5 min 37 sec|
|  12   | 0.50 76.06 22.13 86.75 | 0.000005   0.360    0.552    0.480    0.137    1.530     90.97  | 76.06   22.13   86.75  | 6 min 08 sec|
|  13   | 0.68 44.55 49.94 41.82 | 0.000005   0.355    0.487    0.465    0.136    1.443     90.88  | 76.06   22.13   86.75  | 6 min 38 sec|
|  14   | 0.59 64.69 34.43 72.21 | 0.000005   0.353    0.451    0.457    0.134    1.396     90.83  | 76.06   22.13   86.75  | 7 min 09 sec|
|  15   | 0.64 55.82 43.61 54.40 | 0.000006   0.340    0.476    0.439    0.133    1.387     90.88  | 76.06   22.13   86.75  | 7 min 39 sec|
|  16   | 0.62 57.23 41.55 56.53 | 0.000006   0.371    0.447    0.424    0.132    1.374     89.99  | 76.06   22.13   86.75  | 8 min 09 sec|
|  17   | 0.58 58.28 37.39 62.25 | 0.000006   0.342    0.431    0.408    0.130    1.311     91.02  | 76.06   22.13   86.75  | 8 min 40 sec|
|  18   | 0.62 53.31 45.88 55.43 | 0.000007   0.334    0.463    0.394    0.130    1.321     90.91  | 76.06   22.13   86.75  | 9 min 10 sec|
|  19   | 0.56 70.79 28.99 77.49 | 0.000007   0.349    0.443    0.375    0.128    1.296     90.85  | 76.06   22.13   86.75  | 9 min 40 sec|
|  20   | 0.51 71.35 27.49 79.99 | 0.000007   0.346    0.404    0.354    0.127    1.231     90.91  | 76.06   22.13   86.75  |10 min 11 sec|
