
Starting training from epoch 1
------------------------------------------------------- [START 2025-11-14 04:16:12] -------------------------------------------------------

                                                       ** Starting UniBiFAS Model Training! **                                                       
| epoch |-------- VALID ---------|----------------------------- Train -----------------------------|----- Current Best -----|    time     |
|       | loss top-1  HTER  AUC  |    lr      L_bin    L_atk    L_art    L_seg   L_total    top-1  | top-1    HTER    AUC   |             |
|-----------------------------------------------------------------------------------------------------------------------------------------|
|   1   | 0.66 49.29 46.57 49.82 | 0.000010   0.974    0.534    0.468    0.143    2.120     34.03  | 49.29   46.57   49.82  | 0 min 15 sec|
|   2   | 0.60 49.29 47.36 51.53 | 0.000010   0.819    0.420    0.261    0.132    1.632     44.95  | 49.29   46.57   49.82  | 0 min 29 sec|
|   3   | 0.55 51.43 44.29 54.84 | 0.000010   0.708    0.334    0.174    0.128    1.344     53.81  | 51.43   44.29   54.84  | 0 min 44 sec|
|   4   | 0.51 48.57 40.86 52.44 | 0.000010   0.619    0.265    0.121    0.128    1.133     65.02  | 48.57   40.86   52.44  | 0 min 59 sec|
|   5   | 0.48 49.29 46.07 50.70 | 0.000010   0.546    0.225    0.092    0.127    0.990     74.79  | 48.57   40.86   52.44  | 1 min 14 sec|
|   6   | 0.45 50.00 42.00 54.17 | 0.000010   0.431    0.210    0.072    0.127    0.840     85.43  | 48.57   40.86   52.44  | 1 min 28 sec|
|   7   | 0.42 58.69 37.50 64.56 | 0.000010   0.396    0.177    0.060    0.127    0.761     86.96  | 58.69   37.50   64.56  | 1 min 43 sec|
|   8   | 0.45 53.81 40.79 58.56 | 0.000010   0.366    0.137    0.046    0.126    0.675     89.05  | 58.69   37.50   64.56  | 1 min 57 sec|
|   9   | 0.49 51.43 46.21 50.84 | 0.000010   0.344    0.132    0.041    0.125    0.641     90.15  | 58.69   37.50   64.56  | 2 min 11 sec|
|  10   | 0.42 70.12 26.36 78.49 | 0.000010   0.332    0.115    0.036    0.124    0.607     90.66  | 70.12   26.36   78.49  | 2 min 26 sec|
|  11   | 0.50 54.17 41.29 58.50 | 0.000010   0.327    0.103    0.032    0.123    0.585     90.79  | 70.12   26.36   78.49  | 2 min 40 sec|
|  12   | 0.42 74.29 23.71 79.79 | 0.000010   0.315    0.095    0.030    0.123    0.562     90.90  | 74.29   23.71   79.79  | 2 min 56 sec|
|  13   | 0.50 57.50 40.43 61.98 | 0.000010   0.320    0.084    0.024    0.124    0.551     90.85  | 74.29   23.71   79.79  | 3 min 10 sec|
|  14   | 0.51 53.45 42.79 58.08 | 0.000010   0.312    0.075    0.026    0.122    0.535     90.79  | 74.29   23.71   79.79  | 3 min 24 sec|
|  15   | 0.55 49.17 42.29 48.84 | 0.000010   0.319    0.069    0.026    0.122    0.537     90.90  | 74.29   23.71   79.79  | 3 min 38 sec|
|  16   | 0.47 62.74 33.07 70.56 | 0.000010   0.317    0.072    0.023    0.122    0.534     90.87  | 74.29   23.71   79.79  | 3 min 52 sec|
|  17   | 0.52 57.14 42.00 58.96 | 0.000010   0.305    0.069    0.020    0.123    0.518     90.81  | 74.29   23.71   79.79  | 4 min 06 sec|
|  18   | 0.45 69.17 28.57 76.53 | 0.000010   0.295    0.062    0.021    0.122    0.500     90.91  | 74.29   23.71   79.79  | 4 min 20 sec|
|  19   | 0.51 56.31 40.79 59.71 | 0.000010   0.297    0.058    0.020    0.120    0.495     90.80  | 74.29   23.71   79.79  | 4 min 34 sec|
|  20   | 0.51 55.83 38.07 60.71 | 0.000010   0.296    0.054    0.018    0.122    0.490     90.95  | 74.29   23.71   79.79  | 4 min 48 sec|
