
Starting training from epoch 1
------------------------------------------------------- [START 2025-11-09 19:46:59] -------------------------------------------------------

                                                       ** Starting UniBiFAS Model Training! **                                                       
| epoch |-------- VALID ---------|----------------------------- Train -----------------------------|----- Current Best -----|    time     |
|       | loss top-1  HTER  AUC  |    lr      L_bin    L_atk    L_art    L_seg   L_total    top-1  | top-1    HTER    AUC   |             |
|-----------------------------------------------------------------------------------------------------------------------------------------|
|   1   | 0.56 45.83 27.50 59.03 | 0.000000   0.349    0.731    1.643    0.148    2.870     90.17  | 45.83   27.50   59.03  | 1 min 02 sec|
|   2   | 0.57 61.55 26.21 67.39 | 0.000000   0.345    0.667    1.565    0.148    2.725     90.39  | 61.55   26.21   67.39  | 2 min 04 sec|
|   3   | 0.57 53.93 23.86 54.19 | 0.000000   0.345    0.626    1.467    0.148    2.585     90.00  | 53.93   23.86   54.19  | 3 min 06 sec|
|   4   | 0.59 31.43 38.57 28.71 | 0.000000   0.345    0.596    1.366    0.147    2.454     90.28  | 53.93   23.86   54.19  | 4 min 07 sec|
|   5   | 0.58 77.14 22.64 71.01 | 0.000000   0.339    0.578    1.280    0.147    2.343     90.50  | 77.14   22.64   71.01  | 5 min 10 sec|
|   6   | 0.57 45.71 30.43 45.76 | 0.000000   0.346    0.563    1.190    0.147    2.246     90.35  | 77.14   22.64   71.01  | 6 min 11 sec|
|   7   | 0.56 45.71 28.50 56.53 | 0.000000   0.350    0.560    1.139    0.146    2.194     89.76  | 77.14   22.64   71.01  | 7 min 12 sec|
|   8   | 0.58 33.81 38.57 42.82 | 0.000000   0.348    0.549    1.068    0.146    2.111     90.16  | 77.14   22.64   71.01  | 8 min 13 sec|
|   9   | 0.56 68.45 16.14 69.06 | 0.000000   0.351    0.549    1.038    0.146    2.084     90.13  | 68.45   16.14   69.06  | 9 min 15 sec|
|  10   | 0.57 65.95 24.86 65.43 | 0.000000   0.349    0.541    0.997    0.145    2.032     90.11  | 68.45   16.14   69.06  |10 min 16 sec|
|  11   | 0.57 32.98 37.14 51.14 | 0.000000   0.347    0.536    0.962    0.145    1.989     90.33  | 68.45   16.14   69.06  |11 min 17 sec|
|  12   | 0.57 66.79 26.21 62.97 | 0.000000   0.343    0.530    0.943    0.144    1.960     90.47  | 68.45   16.14   69.06  |12 min 19 sec|
|  13   | 0.59 62.50 34.00 56.03 | 0.000000   0.344    0.517    0.913    0.144    1.918     90.41  | 68.45   16.14   69.06  |13 min 20 sec|
|  14   | 0.56 75.48 19.36 71.59 | 0.000000   0.344    0.518    0.894    0.143    1.900     90.12  | 68.45   16.14   69.06  |14 min 21 sec|
|  15   | 0.57 54.88 35.79 61.08 | 0.000000   0.344    0.505    0.874    0.143    1.865     90.19  | 68.45   16.14   69.06  |15 min 22 sec|
|  16   | 0.57 32.14 38.57 38.10 | 0.000000   0.344    0.496    0.859    0.142    1.841     90.22  | 68.45   16.14   69.06  |16 min 23 sec|
|  17   | 0.60 31.43 38.57 31.73 | 0.000000   0.343    0.495    0.834    0.141    1.814     90.25  | 68.45   16.14   69.06  |17 min 24 sec|
|  18   | 0.56 54.88 29.93 63.48 | 0.000000   0.341    0.488    0.814    0.140    1.783     90.35  | 68.45   16.14   69.06  |18 min 25 sec|
|  19   | 0.57 76.55 22.79 68.21 | 0.000000   0.346    0.478    0.800    0.140    1.763     90.29  | 68.45   16.14   69.06  |19 min 26 sec|
|  20   | 0.57 54.52 29.64 53.64 | 0.000000   0.348    0.471    0.773    0.139    1.731     90.42  | 68.45   16.14   69.06  |20 min 28 sec|
