
Starting training from epoch 1
------------------------------------------------------- [START 2025-11-14 04:14:08] -------------------------------------------------------

                                                       ** Starting UniBiFAS Model Training! **                                                       
| epoch |-------- VALID ---------|----------------------------- Train -----------------------------|----- Current Best -----|    time     |
|       | loss top-1  HTER  AUC  |    lr      L_bin    L_atk    L_art    L_seg   L_total    top-1  | top-1    HTER    AUC   |             |
|-----------------------------------------------------------------------------------------------------------------------------------------|
|   1   | 0.80 41.67 47.71 43.25 | 0.000010   0.911    0.545    0.491    0.139    2.086     35.46  | 41.67   47.71   43.25  | 0 min 15 sec|
|   2   | 0.70 52.38 45.50 52.48 | 0.000010   0.722    0.388    0.301    0.125    1.536     51.13  | 52.38   45.50   52.48  | 0 min 30 sec|
|   3   | 0.62 53.81 42.21 58.84 | 0.000010   0.622    0.313    0.204    0.121    1.260     65.48  | 53.81   42.21   58.84  | 0 min 45 sec|
|   4   | 0.57 54.29 45.00 55.48 | 0.000010   0.488    0.252    0.143    0.120    1.002     79.21  | 53.81   42.21   58.84  | 0 min 59 sec|
|   5   | 0.53 55.00 43.29 56.86 | 0.000010   0.414    0.213    0.104    0.119    0.851     85.76  | 53.81   42.21   58.84  | 1 min 13 sec|
|   6   | 0.52 50.48 46.71 51.15 | 0.000010   0.368    0.178    0.079    0.119    0.743     89.38  | 53.81   42.21   58.84  | 1 min 27 sec|
|   7   | 0.50 54.17 45.07 53.60 | 0.000010   0.337    0.149    0.064    0.118    0.668     89.78  | 53.81   42.21   58.84  | 1 min 42 sec|
|   8   | 0.50 50.71 46.86 50.78 | 0.000010   0.318    0.159    0.054    0.118    0.649     90.68  | 53.81   42.21   58.84  | 1 min 56 sec|
