
Starting training from epoch 1
------------------------------------------------------- [START 2025-11-14 13:09:42] -------------------------------------------------------

                                                       ** Starting UniBiFAS Model Training! **                                                       
| epoch |-------- VALID ---------|----------------------------- Train -----------------------------|----- Current Best -----|    time     |
|       | loss top-1  HTER  AUC  |    lr      L_bin    L_atk    L_art    L_seg   L_total    top-1  | top-1    HTER    AUC   |             |
|-----------------------------------------------------------------------------------------------------------------------------------------|
|   1   | 0.63 42.08 44.72 40.27 | 0.000001   0.530    0.712    0.651    0.148    2.042     78.79  | 42.08   44.72   40.27  | 0 min 54 sec|
|   2   | 0.57 52.02 41.70 52.06 | 0.000001   0.424    0.602    0.604    0.147    1.776     84.92  | 52.02   41.70   52.06  | 1 min 26 sec|
|   3   | 0.61 33.72 49.91 29.08 | 0.000002   0.412    0.603    0.581    0.145    1.741     88.92  | 52.02   41.70   52.06  | 1 min 56 sec|
|   4   | 0.53 58.87 28.98 62.21 | 0.000002   0.408    0.592    0.554    0.144    1.698     90.71  | 58.87   28.98   62.21  | 2 min 27 sec|
|   5   | 0.53 63.07 33.31 67.74 | 0.000002   0.463    0.572    0.532    0.142    1.708     84.85  | 58.87   28.98   62.21  | 2 min 58 sec|
|   6   | 0.50 67.86 28.66 74.82 | 0.000003   0.411    0.578    0.513    0.138    1.640     88.02  | 67.86   28.66   74.82  | 3 min 29 sec|
|   7   | 0.52 68.59 29.73 73.88 | 0.000003   0.417    0.563    0.493    0.135    1.609     89.51  | 67.86   28.66   74.82  | 3 min 59 sec|
|   8   | 0.51 59.17 36.87 65.88 | 0.000003   0.399    0.563    0.486    0.133    1.582     90.25  | 67.86   28.66   74.82  | 4 min 30 sec|
|   9   | 0.54 56.38 38.35 60.68 | 0.000004   0.394    0.533    0.448    0.129    1.504     89.32  | 67.86   28.66   74.82  | 5 min 00 sec|
|  10   | 0.51 60.69 32.21 64.91 | 0.000004   0.489    0.509    0.453    0.127    1.577     79.20  | 67.86   28.66   74.82  | 5 min 30 sec|
|  11   | 0.64 44.14 48.12 40.75 | 0.000004   0.406    0.473    0.428    0.123    1.429     90.79  | 67.86   28.66   74.82  | 6 min 00 sec|
|  12   | 0.61 42.22 46.01 40.94 | 0.000005   0.409    0.451    0.417    0.119    1.397     89.51  | 67.86   28.66   74.82  | 6 min 31 sec|
|  13   | 0.55 61.90 34.48 61.19 | 0.000005   0.390    0.454    0.384    0.116    1.344     89.83  | 67.86   28.66   74.82  | 7 min 01 sec|
|  14   | 0.54 67.29 29.44 72.82 | 0.000005   0.417    0.459    0.367    0.112    1.355     87.84  | 67.86   28.66   74.82  | 7 min 32 sec|
|  15   | 0.56 51.94 38.47 53.61 | 0.000006   0.431    0.443    0.346    0.111    1.331     86.06  | 67.86   28.66   74.82  | 8 min 02 sec|
|  16   | 0.52 65.27 31.87 71.46 | 0.000006   0.368    0.423    0.338    0.108    1.238     90.62  | 67.86   28.66   74.82  | 8 min 32 sec|
|  17   | 0.56 51.62 41.02 54.29 | 0.000006   0.385    0.383    0.302    0.106    1.177     89.99  | 67.86   28.66   74.82  | 9 min 02 sec|
|  18   | 0.55 72.30 25.27 77.65 | 0.000007   0.401    0.368    0.284    0.104    1.157     89.17  | 72.30   25.27   77.65  | 9 min 34 sec|
|  19   | 0.61 41.41 46.41 40.11 | 0.000007   0.398    0.368    0.273    0.102    1.140     90.24  | 72.30   25.27   77.65  |10 min 04 sec|
|  20   | 0.54 61.21 34.99 67.43 | 0.000007   0.427    0.333    0.249    0.104    1.112     88.35  | 72.30   25.27   77.65  |10 min 35 sec|
