
Starting training from epoch 1
------------------------------------------------------- [START 2025-11-14 16:27:11] -------------------------------------------------------

                                                       ** Starting UniBiFAS Model Training! **                                                       
| epoch |-------- VALID ---------|----------------------------- Train -----------------------------|----- Current Best -----|    time     |
|       | loss top-1  HTER  AUC  |    lr      L_bin    L_atk    L_art    L_seg   L_total    top-1  | top-1    HTER    AUC   |             |
|-----------------------------------------------------------------------------------------------------------------------------------------|
|   1   | 0.48 62.51 35.95 69.02 | 0.000001   1.031    0.644    0.966    0.150    2.790     26.11  | 62.51   35.95   69.02  | 0 min 31 sec|
|   2   | 0.51 53.88 45.54 54.60 | 0.000001   1.031    0.625    0.925    0.150    2.730     29.49  | 62.51   35.95   69.02  | 1 min 02 sec|
|   3   | 0.45 74.08 25.54 82.10 | 0.000002   0.945    0.582    0.892    0.148    2.567     32.79  | 74.08   25.54   82.10  | 1 min 33 sec|
|   4   | 0.43 73.47 25.16 81.93 | 0.000002   1.037    0.563    0.873    0.147    2.620     27.48  | 73.47   25.16   81.93  | 2 min 05 sec|
|   5   | 0.46 64.46 33.06 70.60 | 0.000002   0.833    0.529    0.850    0.146    2.357     40.51  | 73.47   25.16   81.93  | 2 min 35 sec|
|   6   | 0.49 58.67 41.15 60.99 | 0.000003   0.795    0.543    0.829    0.143    2.310     49.18  | 73.47   25.16   81.93  | 3 min 06 sec|
|   7   | 0.49 55.09 42.60 57.83 | 0.000003   0.825    0.553    0.799    0.142    2.319     40.74  | 73.47   25.16   81.93  | 3 min 37 sec|
|   8   | 0.48 59.68 39.15 64.20 | 0.000003   0.697    0.516    0.766    0.139    2.119     55.69  | 73.47   25.16   81.93  | 4 min 07 sec|
|   9   | 0.44 65.33 31.06 72.90 | 0.000004   0.645    0.473    0.738    0.136    1.992     60.74  | 73.47   25.16   81.93  | 4 min 38 sec|
|  10   | 0.51 54.20 45.71 55.21 | 0.000004   0.577    0.466    0.690    0.134    1.866     70.60  | 73.47   25.16   81.93  | 5 min 09 sec|
|  11   | 0.49 59.86 36.25 64.83 | 0.000004   0.568    0.453    0.649    0.133    1.803     69.79  | 73.47   25.16   81.93  | 5 min 39 sec|
|  12   | 0.54 55.27 42.83 55.79 | 0.000005   0.568    0.447    0.604    0.132    1.750     72.89  | 73.47   25.16   81.93  | 6 min 10 sec|
|  13   | 0.52 57.35 39.87 60.24 | 0.000005   0.459    0.429    0.544    0.130    1.563     85.48  | 73.47   25.16   81.93  | 6 min 40 sec|
|  14   | 0.45 74.14 23.12 80.95 | 0.000005   0.471    0.404    0.482    0.129    1.486     81.80  | 74.14   23.12   80.95  | 7 min 12 sec|
|  15   | 0.58 55.94 39.96 56.54 | 0.000006   0.485    0.383    0.425    0.129    1.422     80.20  | 74.14   23.12   80.95  | 7 min 43 sec|
|  16   | 0.52 62.77 33.79 69.16 | 0.000006   0.437    0.380    0.356    0.128    1.300     83.67  | 74.14   23.12   80.95  | 8 min 13 sec|
|  17   | 0.58 57.96 38.96 61.29 | 0.000006   0.453    0.348    0.314    0.128    1.243     82.79  | 74.14   23.12   80.95  | 8 min 44 sec|
|  18   | 0.60 57.74 37.16 60.45 | 0.000007   0.402    0.325    0.257    0.127    1.112     89.17  | 74.14   23.12   80.95  | 9 min 15 sec|
|  19   | 0.60 58.30 39.75 63.56 | 0.000007   0.381    0.305    0.219    0.127    1.031     88.74  | 74.14   23.12   80.95  | 9 min 45 sec|
|  20   | 0.62 60.14 38.52 65.35 | 0.000007   0.357    0.304    0.197    0.126    0.984     90.80  | 74.14   23.12   80.95  |10 min 16 sec|
