
Starting training from epoch 1
------------------------------------------------------- [START 2025-11-14 13:26:11] -------------------------------------------------------

                                                       ** Starting UniBiFAS Model Training! **                                                       
| epoch |-------- VALID ---------|----------------------------- Train -----------------------------|----- Current Best -----|    time     |
|       | loss top-1  HTER  AUC  |    lr      L_bin    L_atk    L_art    L_seg   L_total    top-1  | top-1    HTER    AUC   |             |
|-----------------------------------------------------------------------------------------------------------------------------------------|
|   1   | 0.48 67.94 29.57 73.84 | 0.000001   0.418    0.919    0.614    0.147    2.099     88.33  | 67.94   29.57   73.84  | 0 min 31 sec|
|   2   | 0.57 52.95 43.80 52.63 | 0.000001   0.396    0.793    0.568    0.146    1.903     87.87  | 67.94   29.57   73.84  | 1 min 01 sec|
|   3   | 0.58 51.41 46.41 51.72 | 0.000002   0.378    0.652    0.554    0.145    1.728     88.78  | 67.94   29.57   73.84  | 1 min 32 sec|
|   4   | 0.57 56.57 43.38 58.15 | 0.000002   0.398    0.615    0.538    0.143    1.694     88.04  | 67.94   29.57   73.84  | 2 min 02 sec|
|   5   | 0.62 46.48 49.91 45.16 | 0.000002   0.369    0.558    0.527    0.140    1.594     90.18  | 67.94   29.57   73.84  | 2 min 32 sec|
|   6   | 0.60 47.01 39.77 47.20 | 0.000003   0.466    0.549    0.517    0.138    1.670     80.66  | 67.94   29.57   73.84  | 3 min 02 sec|
|   7   | 0.61 49.84 37.90 50.62 | 0.000003   0.394    0.595    0.501    0.135    1.625     89.27  | 67.94   29.57   73.84  | 3 min 33 sec|
|   8   | 0.58 55.05 44.09 56.71 | 0.000003   0.365    0.563    0.490    0.132    1.551     89.79  | 67.94   29.57   73.84  | 4 min 03 sec|
|   9   | 0.63 55.58 42.30 53.11 | 0.000004   0.381    0.528    0.474    0.127    1.510     90.13  | 67.94   29.57   73.84  | 4 min 33 sec|
|  10   | 0.67 42.85 47.26 39.62 | 0.000004   0.378    0.523    0.464    0.126    1.491     90.06  | 67.94   29.57   73.84  | 5 min 04 sec|
|  11   | 0.64 49.43 46.82 47.91 | 0.000004   0.366    0.515    0.448    0.122    1.452     89.87  | 67.94   29.57   73.84  | 5 min 34 sec|
|  12   | 0.65 44.44 48.55 43.26 | 0.000005   0.376    0.501    0.434    0.118    1.429     89.45  | 67.94   29.57   73.84  | 6 min 04 sec|
|  13   | 0.55 58.79 40.87 62.25 | 0.000005   0.349    0.490    0.412    0.116    1.367     90.80  | 67.94   29.57   73.84  | 6 min 35 sec|
|  14   | 0.60 51.15 48.13 51.42 | 0.000005   0.368    0.476    0.395    0.111    1.349     90.12  | 67.94   29.57   73.84  | 7 min 05 sec|
|  15   | 0.71 32.87 50.00 24.85 | 0.000006   0.375    0.480    0.381    0.106    1.342     89.93  | 67.94   29.57   73.84  | 7 min 35 sec|
|  16   | 0.61 49.03 47.54 47.34 | 0.000006   0.393    0.485    0.366    0.107    1.351     89.48  | 67.94   29.57   73.84  | 8 min 06 sec|
|  17   | 0.54 62.44 36.15 66.61 | 0.000006   0.393    0.424    0.341    0.103    1.261     89.17  | 67.94   29.57   73.84  | 8 min 36 sec|
|  18   | 0.66 39.47 48.59 35.66 | 0.000007   0.362    0.429    0.317    0.102    1.209     89.51  | 67.94   29.57   73.84  | 9 min 06 sec|
|  19   | 0.63 49.82 48.06 49.18 | 0.000007   0.370    0.406    0.298    0.099    1.173     89.84  | 67.94   29.57   73.84  | 9 min 37 sec|
|  20   | 0.60 54.24 44.20 54.94 | 0.000007   0.383    0.408    0.277    0.098    1.166     89.59  | 67.94   29.57   73.84  |10 min 07 sec|
