
Starting training from epoch 1
------------------------------------------------------- [START 2025-11-14 14:31:59] -------------------------------------------------------

                                                       ** Starting UniBiFAS Model Training! **                                                       
| epoch |-------- VALID ---------|----------------------------- Train -----------------------------|----- Current Best -----|    time     |
|       | loss top-1  HTER  AUC  |    lr      L_bin    L_atk    L_art    L_seg   L_total    top-1  | top-1    HTER    AUC   |             |
|-----------------------------------------------------------------------------------------------------------------------------------------|
|   1   | 0.84 51.47 40.40 51.54 | 0.000100   0.563    0.669    0.512    0.141    1.885     77.72  | 51.47   40.40   51.54  | 0 min 32 sec|
|   2   | 0.84 40.40 47.69 37.07 | 0.000100   0.383    0.521    0.359    0.116    1.379     90.91  | 51.47   40.40   51.54  | 1 min 02 sec|
|   3   | 0.63 60.71 33.76 62.64 | 0.000100   0.360    0.488    0.222    0.111    1.181     89.99  | 60.71   33.76   62.64  | 1 min 33 sec|
|   4   | 0.60 57.74 36.74 58.24 | 0.000100   0.339    0.394    0.144    0.115    0.992     90.74  | 60.71   33.76   62.64  | 2 min 04 sec|
|   5   | 0.67 52.81 41.87 53.20 | 0.000100   0.316    0.327    0.108    0.110    0.860     90.49  | 60.71   33.76   62.64  | 2 min 34 sec|
|   6   | 0.84 48.46 41.15 45.78 | 0.000100   0.324    0.198    0.078    0.113    0.715     89.76  | 60.71   33.76   62.64  | 3 min 05 sec|
|   7   | 0.94 40.75 50.00 33.81 | 0.000100   0.311    0.156    0.059    0.111    0.637     90.86  | 60.71   33.76   62.64  | 3 min 35 sec|
|   8   | 0.70 55.80 42.73 57.96 | 0.000100   0.261    0.111    0.049    0.108    0.528     91.04  | 60.71   33.76   62.64  | 4 min 05 sec|
|   9   | 0.84 51.90 45.76 53.94 | 0.000100   0.233    0.105    0.050    0.107    0.495     91.42  | 60.71   33.76   62.64  | 4 min 36 sec|
|  10   | 0.85 58.79 40.14 63.46 | 0.000100   0.197    0.091    0.036    0.102    0.425     91.74  | 60.71   33.76   62.64  | 5 min 06 sec|
|  11   | 0.90 63.92 35.82 68.96 | 0.000100   0.207    0.077    0.035    0.093    0.412     91.39  | 60.71   33.76   62.64  | 5 min 36 sec|
|  12   | 0.55 59.49 38.84 65.76 | 0.000100   0.168    0.060    0.026    0.090    0.344     93.04  | 60.71   33.76   62.64  | 6 min 06 sec|
|  13   | 1.01 56.81 42.06 60.18 | 0.000100   0.182    0.064    0.024    0.086    0.356     92.43  | 60.71   33.76   62.64  | 6 min 37 sec|
|  14   | 0.74 59.03 40.72 62.75 | 0.000100   0.146    0.049    0.023    0.085    0.303     93.46  | 60.71   33.76   62.64  | 7 min 07 sec|
|  15   | 0.71 59.15 40.51 62.94 | 0.000100   0.104    0.046    0.022    0.079    0.251     95.20  | 60.71   33.76   62.64  | 7 min 37 sec|
|  16   | 0.81 55.88 43.38 58.90 | 0.000100   0.089    0.043    0.020    0.076    0.228     96.25  | 60.71   33.76   62.64  | 8 min 08 sec|
|  17   | 0.74 61.35 37.98 65.84 | 0.000100   0.072    0.033    0.021    0.074    0.200     96.95  | 60.71   33.76   62.64  | 8 min 38 sec|
|  18   | 0.64 64.30 35.45 70.02 | 0.000100   0.067    0.027    0.019    0.070    0.184     97.19  | 60.71   33.76   62.64  | 9 min 08 sec|
|  19   | 0.73 60.89 38.72 65.73 | 0.000100   0.075    0.028    0.018    0.075    0.195     97.43  | 60.71   33.76   62.64  | 9 min 39 sec|
|  20   | 0.81 62.00 37.63 67.18 | 0.000100   0.061    0.021    0.016    0.074    0.173     97.65  | 60.71   33.76   62.64  |10 min 09 sec|
