
Starting training from epoch 1
------------------------------------------------------- [START 2025-11-14 16:14:24] -------------------------------------------------------

                                                       ** Starting UniBiFAS Model Training! **                                                       
| epoch |-------- VALID ---------|----------------------------- Train -----------------------------|----- Current Best -----|    time     |
|       | loss top-1  HTER  AUC  |    lr      L_bin    L_atk    L_art    L_seg   L_total    top-1  | top-1    HTER    AUC   |             |
|-----------------------------------------------------------------------------------------------------------------------------------------|
|   1   | 0.49 68.71 29.73 75.31 | 0.000001   0.352    0.705    0.972    0.150    2.179     88.29  | 68.71   29.73   75.31  | 0 min 42 sec|
|   2   | 0.49 59.03 34.68 62.98 | 0.000001   0.346    0.576    0.926    0.148    1.997     88.74  | 68.71   29.73   75.31  | 1 min 13 sec|
|   3   | 0.50 57.90 33.24 61.32 | 0.000002   0.390    0.546    0.899    0.146    1.981     85.38  | 68.71   29.73   75.31  | 1 min 43 sec|
|   4   | 0.58 51.52 42.78 49.67 | 0.000002   0.329    0.538    0.865    0.144    1.876     90.71  | 68.71   29.73   75.31  | 2 min 14 sec|
|   5   | 0.55 48.42 44.65 48.33 | 0.000002   0.335    0.523    0.839    0.141    1.837     90.94  | 68.71   29.73   75.31  | 2 min 44 sec|
|   6   | 0.58 47.84 41.24 46.11 | 0.000003   0.364    0.511    0.810    0.138    1.823     88.22  | 68.71   29.73   75.31  | 3 min 15 sec|
|   7   | 0.52 57.84 35.92 61.26 | 0.000003   0.454    0.496    0.772    0.134    1.856     81.13  | 68.71   29.73   75.31  | 3 min 45 sec|
|   8   | 0.59 42.08 46.39 39.15 | 0.000003   0.356    0.467    0.734    0.130    1.687     89.52  | 68.71   29.73   75.31  | 4 min 16 sec|
|   9   | 0.55 57.86 38.09 59.78 | 0.000004   0.355    0.473    0.700    0.126    1.655     86.25  | 68.71   29.73   75.31  | 4 min 47 sec|
|  10   | 0.47 73.54 23.84 81.79 | 0.000004   0.371    0.450    0.651    0.123    1.595     87.67  | 73.54   23.84   81.79  | 5 min 18 sec|
|  11   | 0.51 67.66 30.16 73.72 | 0.000004   0.367    0.451    0.603    0.121    1.542     87.15  | 73.54   23.84   81.79  | 5 min 49 sec|
|  12   | 0.51 59.54 34.34 64.58 | 0.000005   0.359    0.412    0.559    0.117    1.446     87.60  | 73.54   23.84   81.79  | 6 min 19 sec|
|  13   | 0.58 44.40 46.68 43.97 | 0.000005   0.336    0.412    0.497    0.115    1.360     88.94  | 73.54   23.84   81.79  | 6 min 50 sec|
|  14   | 0.60 51.31 42.36 49.39 | 0.000005   0.340    0.379    0.438    0.114    1.271     89.48  | 73.54   23.84   81.79  | 7 min 21 sec|
|  15   | 0.56 54.18 39.95 56.38 | 0.000006   0.361    0.353    0.398    0.114    1.225     88.34  | 73.54   23.84   81.79  | 7 min 51 sec|
|  16   | 0.58 47.84 47.49 47.37 | 0.000006   0.356    0.338    0.342    0.113    1.148     89.24  | 73.54   23.84   81.79  | 8 min 22 sec|
|  17   | 0.61 52.73 36.99 51.07 | 0.000006   0.341    0.325    0.300    0.113    1.078     89.78  | 73.54   23.84   81.79  | 8 min 53 sec|
|  18   | 0.57 58.06 36.04 58.66 | 0.000007   0.355    0.308    0.260    0.112    1.034     88.33  | 73.54   23.84   81.79  | 9 min 23 sec|
|  19   | 0.56 57.43 38.61 60.99 | 0.000007   0.338    0.292    0.228    0.112    0.970     88.89  | 73.54   23.84   81.79  | 9 min 54 sec|
|  20   | 0.57 48.42 39.31 48.97 | 0.000007   0.351    0.278    0.204    0.110    0.943     90.91  | 73.54   23.84   81.79  |10 min 25 sec|
