
Starting training from epoch 1
------------------------------------------------------- [START 2025-11-14 13:39:39] -------------------------------------------------------

                                                       ** Starting UniBiFAS Model Training! **                                                       
| epoch |-------- VALID ---------|----------------------------- Train -----------------------------|----- Current Best -----|    time     |
|       | loss top-1  HTER  AUC  |    lr      L_bin    L_atk    L_art    L_seg   L_total    top-1  | top-1    HTER    AUC   |             |
|-----------------------------------------------------------------------------------------------------------------------------------------|
|   1   | 0.66 37.19 44.95 34.37 | 0.000100   0.495    1.129    0.565    0.142    2.331     79.57  | 37.19   44.95   34.37  | 0 min 31 sec|
|   2   | 0.70 65.41 32.16 75.01 | 0.000100   0.370    0.938    0.426    0.114    1.848     86.27  | 65.41   32.16   75.01  | 1 min 03 sec|
|   3   | 0.83 37.74 49.94 31.46 | 0.000100   0.363    0.536    0.274    0.111    1.284     88.02  | 65.41   32.16   75.01  | 1 min 33 sec|
|   4   | 0.65 57.03 41.05 58.61 | 0.000100   0.356    0.464    0.176    0.110    1.106     90.88  | 65.41   32.16   75.01  | 2 min 03 sec|
|   5   | 0.59 60.36 37.94 66.24 | 0.000100   0.314    0.371    0.135    0.108    0.927     90.81  | 65.41   32.16   75.01  | 2 min 33 sec|
|   6   | 0.61 62.14 36.67 69.24 | 0.000100   0.345    0.371    0.097    0.108    0.921     87.87  | 65.41   32.16   75.01  | 3 min 03 sec|
|   7   | 0.73 34.67 50.00 27.98 | 0.000100   0.307    0.379    0.072    0.112    0.870     91.02  | 65.41   32.16   75.01  | 3 min 34 sec|
|   8   | 0.63 61.86 38.01 64.23 | 0.000100   0.295    0.196    0.055    0.110    0.655     91.02  | 65.41   32.16   75.01  | 4 min 04 sec|
|   9   | 0.63 43.62 47.75 40.95 | 0.000100   0.289    0.143    0.043    0.106    0.582     90.86  | 65.41   32.16   75.01  | 4 min 34 sec|
|  10   | 0.65 48.73 47.37 47.01 | 0.000100   0.253    0.116    0.035    0.104    0.508     90.63  | 65.41   32.16   75.01  | 5 min 04 sec|
|  11   | 0.64 41.43 49.65 36.38 | 0.000100   0.248    0.077    0.029    0.099    0.453     91.38  | 65.41   32.16   75.01  | 5 min 35 sec|
|  12   | 0.63 64.51 35.06 69.20 | 0.000100   0.221    0.069    0.028    0.099    0.417     91.82  | 65.41   32.16   75.01  | 6 min 05 sec|
|  13   | 0.50 63.70 35.51 70.30 | 0.000100   0.176    0.059    0.027    0.088    0.350     92.90  | 65.41   32.16   75.01  | 6 min 35 sec|
|  14   | 0.49 58.61 41.35 62.73 | 0.000100   0.117    0.044    0.025    0.080    0.265     94.86  | 65.41   32.16   75.01  | 7 min 06 sec|
|  15   | 0.55 53.15 45.90 54.96 | 0.000100   0.101    0.040    0.022    0.073    0.237     95.97  | 65.41   32.16   75.01  | 7 min 36 sec|
|  16   | 0.58 54.83 44.23 57.75 | 0.000100   0.079    0.034    0.021    0.070    0.204     96.78  | 65.41   32.16   75.01  | 8 min 06 sec|
|  17   | 0.48 61.90 37.97 67.01 | 0.000100   0.063    0.039    0.022    0.066    0.190     97.33  | 65.41   32.16   75.01  | 8 min 37 sec|
|  18   | 0.54 55.27 42.03 59.26 | 0.000100   0.054    0.028    0.016    0.065    0.164     98.09  | 65.41   32.16   75.01  | 9 min 07 sec|
|  19   | 0.42 68.48 31.39 76.33 | 0.000100   0.041    0.029    0.013    0.064    0.148     98.48  | 68.48   31.39   76.33  | 9 min 38 sec|
|  20   | 0.48 63.21 35.72 70.01 | 0.000100   0.047    0.024    0.013    0.062    0.146     98.11  | 68.48   31.39   76.33  |10 min 09 sec|
