
Starting training from epoch 1
------------------------------------------------------- [START 2026-01-26 16:32:45] -------------------------------------------------------

                                                       ** Starting UniBiFAS Model Training! **                                                       
| epoch |-------- VALID ---------|----------------------------- Train -----------------------------|----- Current Best -----|    time     |
|       | loss top-1  HTER  AUC  |    lr      L_bin    L_atk    L_art    L_seg   L_total    top-1  | top-1    HTER    AUC   |             |
|-----------------------------------------------------------------------------------------------------------------------------------------|
|   1   | 0.92 70.95 22.64 67.09 | 0.000001   0.548    0.000    0.000    0.141    0.689     76.70  | 70.95   22.64   67.09  | 1 min 05 sec|
|   2   | 0.91 68.10 16.57 73.65 | 0.000001   0.547    0.000    0.000    0.133    0.680     75.98  | 68.10   16.57   73.65  | 2 min 11 sec|
|   3   | 0.92 27.14 46.00 31.66 | 0.000002   0.537    0.000    0.000    0.131    0.668     77.02  | 68.10   16.57   73.65  | 3 min 17 sec|
|   4   | 0.92 75.48 17.36 75.11 | 0.000002   0.536    0.000    0.000    0.129    0.665     77.20  | 68.10   16.57   73.65  | 4 min 23 sec|
|   5   | 0.93 22.74 38.57 23.95 | 0.000002   0.542    0.000    0.000    0.129    0.671     76.65  | 68.10   16.57   73.65  | 5 min 29 sec|
|   6   | 0.92 31.31 38.57 31.86 | 0.000003   0.545    0.000    0.000    0.128    0.673     76.62  | 68.10   16.57   73.65  | 6 min 35 sec|
|   7   | 0.93 31.43 38.79 31.94 | 0.000003   0.535    0.000    0.000    0.129    0.663     78.16  | 68.10   16.57   73.65  | 7 min 40 sec|
|   8   | 0.93 53.93 28.29 51.22 | 0.000003   0.548    0.000    0.000    0.129    0.676     76.12  | 68.10   16.57   73.65  | 8 min 46 sec|
|   9   | 0.92 31.43 38.57 26.92 | 0.000004   0.541    0.000    0.000    0.128    0.670     77.35  | 68.10   16.57   73.65  | 9 min 52 sec|
|  10   | 0.92 45.12 30.29 53.07 | 0.000004   0.539    0.000    0.000    0.128    0.667     77.30  | 68.10   16.57   73.65  |10 min 58 sec|
|  11   | 0.93 54.76 27.71 52.05 | 0.000004   0.541    0.000    0.000    0.129    0.670     77.45  | 68.10   16.57   73.65  |12 min 04 sec|
|  12   | 0.92 32.14 35.93 40.53 | 0.000005   0.528    0.000    0.000    0.128    0.657     78.72  | 68.10   16.57   73.65  |13 min 10 sec|
|  13   | 0.92 42.98 32.93 47.88 | 0.000005   0.548    0.000    0.000    0.128    0.677     75.71  | 68.10   16.57   73.65  |14 min 15 sec|
|  14   | 0.92 45.95 27.36 46.78 | 0.000005   0.541    0.000    0.000    0.128    0.669     76.80  | 68.10   16.57   73.65  |15 min 21 sec|
|  15   | 0.92 61.55 25.43 63.37 | 0.000006   0.543    0.000    0.000    0.128    0.671     76.87  | 68.10   16.57   73.65  |16 min 27 sec|
|  16   | 0.93 45.71 27.86 47.73 | 0.000006   0.534    0.000    0.000    0.128    0.662     77.66  | 68.10   16.57   73.65  |17 min 33 sec|
|  17   | 0.92 70.71 16.43 74.97 | 0.000006   0.531    0.000    0.000    0.128    0.660     78.25  | 70.71   16.43   74.97  |18 min 39 sec|
|  18   | 0.93 31.43 35.57 35.04 | 0.000007   0.538    0.000    0.000    0.128    0.666     77.81  | 70.71   16.43   74.97  |19 min 45 sec|
|  19   | 0.92 77.14 18.57 75.74 | 0.000007   0.539    0.000    0.000    0.128    0.667     76.82  | 70.71   16.43   74.97  |20 min 51 sec|
|  20   | 0.93 31.31 35.79 35.82 | 0.000007   0.536    0.000    0.000    0.128    0.664     77.85  | 70.71   16.43   74.97  |21 min 57 sec|
|  21   | 0.92 61.31 24.57 54.56 | 0.000008   0.542    0.000    0.000    0.128    0.669     76.50  | 70.71   16.43   74.97  |23 min 02 sec|
|  22   | 0.93 31.43 39.57 33.23 | 0.000008   0.537    0.000    0.000    0.128    0.665     76.93  | 70.71   16.43   74.97  |24 min 09 sec|
