
Starting training from epoch 1
------------------------------------------------------- [START 2025-11-14 13:59:26] -------------------------------------------------------

                                                       ** Starting UniBiFAS Model Training! **                                                       
| epoch |-------- VALID ---------|----------------------------- Train -----------------------------|----- Current Best -----|    time     |
|       | loss top-1  HTER  AUC  |    lr      L_bin    L_atk    L_art    L_seg   L_total    top-1  | top-1    HTER    AUC   |             |
|-----------------------------------------------------------------------------------------------------------------------------------------|
|   1   | 0.51 52.00 43.26 50.06 | 0.000100   0.412    1.306    0.556    0.146    2.419     85.94  | 52.00   43.26   50.06  | 0 min 31 sec|
|   2   | 0.52 47.54 47.34 46.55 | 0.000100   0.336    0.867    0.355    0.130    1.688     90.93  | 52.00   43.26   50.06  | 1 min 01 sec|
|   3   | 0.50 61.23 37.71 67.54 | 0.000100   0.336    0.652    0.259    0.128    1.376     90.39  | 61.23   37.71   67.54  | 1 min 33 sec|
|   4   | 0.62 48.10 46.35 44.93 | 0.000100   0.320    0.426    0.197    0.127    1.070     90.91  | 61.23   37.71   67.54  | 2 min 03 sec|
|   5   | 0.55 53.35 43.03 53.84 | 0.000100   0.314    0.347    0.146    0.126    0.933     90.96  | 61.23   37.71   67.54  | 2 min 33 sec|
|   6   | 0.56 43.03 49.26 40.62 | 0.000100   0.316    0.334    0.115    0.127    0.891     90.82  | 61.23   37.71   67.54  | 3 min 03 sec|
|   7   | 0.48 61.68 35.78 67.31 | 0.000100   0.315    0.225    0.096    0.125    0.761     90.93  | 61.68   35.78   67.31  | 3 min 35 sec|
|   8   | 0.58 44.51 50.00 39.65 | 0.000100   0.302    0.146    0.070    0.126    0.644     90.91  | 61.68   35.78   67.31  | 4 min 05 sec|
|   9   | 0.53 47.49 43.43 47.80 | 0.000100   0.308    0.125    0.060    0.124    0.617     90.96  | 61.68   35.78   67.31  | 4 min 35 sec|
|  10   | 0.50 57.60 41.63 61.24 | 0.000100   0.284    0.104    0.046    0.123    0.558     90.93  | 61.68   35.78   67.31  | 5 min 06 sec|
|  11   | 0.49 56.65 42.60 58.56 | 0.000100   0.280    0.069    0.043    0.121    0.514     90.80  | 61.68   35.78   67.31  | 5 min 36 sec|
|  12   | 0.53 45.41 48.75 43.54 | 0.000100   0.242    0.061    0.037    0.116    0.457     90.98  | 61.68   35.78   67.31  | 6 min 07 sec|
|  13   | 0.55 45.68 48.42 45.16 | 0.000100   0.221    0.048    0.030    0.115    0.414     91.37  | 61.68   35.78   67.31  | 6 min 37 sec|
|  14   | 0.53 50.18 46.62 50.55 | 0.000100   0.194    0.050    0.025    0.112    0.381     91.66  | 61.68   35.78   67.31  | 7 min 07 sec|
|  15   | 0.57 44.99 45.34 47.75 | 0.000100   0.174    0.040    0.027    0.106    0.346     92.69  | 61.68   35.78   67.31  | 7 min 38 sec|
|  16   | 0.66 40.55 47.74 39.66 | 0.000100   0.134    0.040    0.021    0.101    0.295     93.62  | 61.68   35.78   67.31  | 8 min 08 sec|
|  17   | 0.86 45.35 46.84 45.87 | 0.000100   0.111    0.041    0.029    0.095    0.276     95.17  | 61.68   35.78   67.31  | 8 min 39 sec|
|  18   | 1.01 50.38 45.10 52.18 | 0.000100   0.099    0.032    0.028    0.092    0.251     95.78  | 61.68   35.78   67.31  | 9 min 09 sec|
|  19   | 1.18 47.88 48.42 48.06 | 0.000100   0.093    0.026    0.027    0.085    0.231     96.21  | 61.68   35.78   67.31  | 9 min 39 sec|
|  20   | 1.37 46.71 46.81 47.75 | 0.000100   0.067    0.029    0.019    0.081    0.196     97.72  | 61.68   35.78   67.31  |10 min 10 sec|
