
Starting training from epoch 1
------------------------------------------------------- [START 2026-01-26 15:34:16] -------------------------------------------------------

                                                       ** Starting UniBiFAS Model Training! **                                                       
| epoch |-------- VALID ---------|----------------------------- Train -----------------------------|----- Current Best -----|    time     |
|       | loss top-1  HTER  AUC  |    lr      L_bin    L_atk    L_art    L_seg   L_total    top-1  | top-1    HTER    AUC   |             |
|-----------------------------------------------------------------------------------------------------------------------------------------|
|   1   | 0.54 74.64 20.43 77.23 | 0.000001   0.370    0.000    0.000    0.136    0.506     89.39  | 74.64   20.43   77.23  | 0 min 54 sec|
|   2   | 0.52 35.60 36.43 51.72 | 0.000001   0.292    0.000    0.000    0.117    0.410     90.91  | 74.64   20.43   77.23  | 1 min 48 sec|
|   3   | 0.48 37.98 35.86 53.02 | 0.000002   0.269    0.000    0.000    0.109    0.378     90.91  | 74.64   20.43   77.23  | 2 min 42 sec|
|   4   | 0.43 49.52 28.21 66.52 | 0.000002   0.240    0.000    0.000    0.099    0.339     91.01  | 74.64   20.43   77.23  | 3 min 37 sec|
|   5   | 0.45 50.12 28.07 64.34 | 0.000002   0.202    0.000    0.000    0.087    0.289     91.79  | 74.64   20.43   77.23  | 4 min 31 sec|
|   6   | 0.63 31.31 38.57 43.04 | 0.000003   0.164    0.000    0.000    0.076    0.239     93.02  | 74.64   20.43   77.23  | 5 min 26 sec|
|   7   | 0.88 38.69 37.00 40.82 | 0.000003   0.134    0.000    0.000    0.068    0.202     94.23  | 74.64   20.43   77.23  | 6 min 20 sec|
|   8   | 1.06 48.57 29.36 64.91 | 0.000003   0.110    0.000    0.000    0.065    0.175     95.39  | 74.64   20.43   77.23  | 7 min 14 sec|
|   9   | 1.21 43.81 30.43 63.82 | 0.000004   0.094    0.000    0.000    0.063    0.157     95.95  | 74.64   20.43   77.23  | 8 min 09 sec|
|  10   | 1.21 40.83 31.50 60.16 | 0.000004   0.083    0.000    0.000    0.062    0.145     96.42  | 74.64   20.43   77.23  | 9 min 03 sec|
|  11   | 1.30 41.31 36.36 50.76 | 0.000004   0.076    0.000    0.000    0.061    0.137     96.75  | 74.64   20.43   77.23  | 9 min 58 sec|
|  12   | 1.21 45.83 22.29 71.09 | 0.000005   0.069    0.000    0.000    0.061    0.130     97.09  | 74.64   20.43   77.23  |10 min 52 sec|
|  13   | 1.27 82.86 19.86 75.81 | 0.000005   0.061    0.000    0.000    0.061    0.122     97.43  | 82.86   19.86   75.81  |11 min 47 sec|
