
Starting training from epoch 1
------------------------------------------------------- [START 2025-11-09 18:08:18] -------------------------------------------------------

                                                       ** Starting UniBiFAS Model Training! **                                                       
| epoch |-------- VALID ---------|----------------------------- Train -----------------------------|----- Current Best -----|    time     |
|       | loss top-1  HTER  AUC  |    lr      L_bin    L_atk    L_art    L_seg   L_total    top-1  | top-1    HTER    AUC   |             |
|-----------------------------------------------------------------------------------------------------------------------------------------|
|   1   | 0.50 47.02 41.57 44.74 | 0.000001   0.379    0.615    0.938    0.145    2.077     88.62  | 47.02   41.57   44.74  | 1 min 02 sec|
|   2   | 0.53 26.31 50.00 20.00 | 0.000001   0.369    0.479    0.687    0.134    1.669     89.43  | 47.02   41.57   44.74  | 2 min 03 sec|
|   3   | 0.49 50.12 48.29 36.91 | 0.000002   0.358    0.399    0.510    0.127    1.393     89.97  | 47.02   41.57   44.74  | 3 min 05 sec|
|   4   | 0.47 60.71 30.29 58.39 | 0.000002   0.352    0.340    0.375    0.124    1.192     90.09  | 60.71   30.29   58.39  | 4 min 08 sec|
|   5   | 0.49 45.60 39.36 39.93 | 0.000002   0.337    0.285    0.278    0.124    1.024     90.55  | 60.71   30.29   58.39  | 5 min 09 sec|
|   6   | 0.48 52.86 43.93 39.06 | 0.000003   0.337    0.240    0.208    0.123    0.908     90.68  | 60.71   30.29   58.39  | 6 min 11 sec|
|   7   | 0.51 13.10 50.00  9.42 | 0.000003   0.331    0.203    0.156    0.122    0.812     90.72  | 60.71   30.29   58.39  | 7 min 13 sec|
|   8   | 0.46 48.57 42.21 43.14 | 0.000003   0.326    0.161    0.119    0.122    0.727     90.63  | 60.71   30.29   58.39  | 8 min 15 sec|
