
Starting training from epoch 1
------------------------------------------------------- [START 2025-11-14 15:59:36] -------------------------------------------------------

                                                       ** Starting UniBiFAS Model Training! **                                                       
| epoch |-------- VALID ---------|----------------------------- Train -----------------------------|----- Current Best -----|    time     |
|       | loss top-1  HTER  AUC  |    lr      L_bin    L_atk    L_art    L_seg   L_total    top-1  | top-1    HTER    AUC   |             |
|-----------------------------------------------------------------------------------------------------------------------------------------|
|   1   | 1.21 34.08 50.00 27.65 | 0.000001   0.970    2.014    0.660    0.152    3.797     50.09  | 34.08   50.00   27.65  | 0 min 31 sec|
|   2   | 1.23 56.63 40.72 56.70 | 0.000001   1.026    1.717    0.623    0.152    3.518     39.91  | 56.63   40.72   56.70  | 1 min 02 sec|
|   3   | 1.22 49.19 42.77 47.85 | 0.000002   1.033    0.899    0.594    0.151    2.677     42.19  | 56.63   40.72   56.70  | 1 min 32 sec|
|   4   | 1.04 58.38 31.39 63.72 | 0.000002   0.830    0.699    0.578    0.150    2.257     45.13  | 58.38   31.39   63.72  | 2 min 04 sec|
|   5   | 1.20 35.74 40.09 35.79 | 0.000002   0.987    0.684    0.571    0.149    2.391     45.99  | 58.38   31.39   63.72  | 2 min 34 sec|
|   6   | 1.00 49.01 45.37 49.16 | 0.000003   0.726    0.651    0.539    0.148    2.063     60.63  | 58.38   31.39   63.72  | 3 min 04 sec|
|   7   | 0.99 37.47 40.63 37.07 | 0.000003   0.939    0.646    0.520    0.145    2.249     57.47  | 58.38   31.39   63.72  | 3 min 34 sec|
|   8   | 0.94 49.47 40.67 47.42 | 0.000003   1.029    0.637    0.529    0.143    2.337     45.47  | 58.38   31.39   63.72  | 4 min 05 sec|
|   9   | 0.87 64.65 31.31 66.60 | 0.000004   0.801    0.571    0.496    0.141    2.009     54.95  | 64.65   31.31   66.60  | 4 min 36 sec|
|  10   | 0.81 45.19 42.02 49.07 | 0.000004   0.989    0.547    0.476    0.138    2.149     51.47  | 64.65   31.31   66.60  | 5 min 07 sec|
|  11   | 0.75 39.76 49.85 35.89 | 0.000004   0.728    0.545    0.467    0.135    1.876     61.99  | 64.65   31.31   66.60  | 5 min 37 sec|
|  12   | 0.74 28.73 49.90 24.09 | 0.000005   0.593    0.595    0.453    0.132    1.774     67.73  | 64.65   31.31   66.60  | 6 min 07 sec|
|  13   | 0.69 48.91 46.53 45.37 | 0.000005   0.666    0.520    0.422    0.129    1.737     57.50  | 64.65   31.31   66.60  | 6 min 38 sec|
|  14   | 0.59 54.20 36.97 56.71 | 0.000005   1.006    0.518    0.417    0.128    2.069     52.55  | 64.65   31.31   66.60  | 7 min 08 sec|
|  15   | 0.45 73.58 25.14 82.49 | 0.000006   0.522    0.540    0.402    0.125    1.589     77.19  | 73.58   25.14   82.49  | 7 min 40 sec|
|  16   | 0.64 33.11 50.00 25.20 | 0.000006   0.546    0.472    0.380    0.122    1.520     76.58  | 73.58   25.14   82.49  | 8 min 10 sec|
|  17   | 0.57 49.47 45.15 48.64 | 0.000006   0.514    0.506    0.355    0.118    1.492     79.25  | 73.58   25.14   82.49  | 8 min 41 sec|
|  18   | 0.60 39.09 49.51 32.74 | 0.000007   0.540    0.475    0.345    0.119    1.479     73.02  | 73.58   25.14   82.49  | 9 min 11 sec|
|  19   | 0.64 24.57 50.00 15.59 | 0.000007   0.397    0.476    0.332    0.115    1.320     86.30  | 73.58   25.14   82.49  | 9 min 41 sec|
|  20   | 0.62 30.85 50.00 24.61 | 0.000007   0.518    0.439    0.299    0.116    1.372     78.14  | 73.58   25.14   82.49  |10 min 12 sec|
