
Starting training from epoch 1
------------------------------------------------------- [START 2025-11-14 12:37:37] -------------------------------------------------------

                                                       ** Starting UniBiFAS Model Training! **                                                       
| epoch |-------- VALID ---------|----------------------------- Train -----------------------------|----- Current Best -----|    time     |
|       | loss top-1  HTER  AUC  |    lr      L_bin    L_atk    L_art    L_seg   L_total    top-1  | top-1    HTER    AUC   |             |
|-----------------------------------------------------------------------------------------------------------------------------------------|
|   1   | 0.39 67.41 27.26 74.44 | 0.000010   0.632    0.917    0.657    0.152    2.358     66.84  | 67.41   27.26   74.44  | 0 min 50 sec|
|   2   | 0.42 80.02 19.67 88.23 | 0.000010   0.495    0.584    0.519    0.146    1.744     75.31  | 80.02   19.67   88.23  | 1 min 21 sec|
|   3   | 0.46 69.88 26.53 75.78 | 0.000010   0.442    0.519    0.479    0.136    1.576     80.98  | 80.02   19.67   88.23  | 1 min 51 sec|
|   4   | 0.51 68.85 25.45 73.31 | 0.000010   0.501    0.504    0.450    0.127    1.581     76.17  | 80.02   19.67   88.23  | 2 min 21 sec|
|   5   | 0.63 53.33 44.62 53.83 | 0.000010   0.391    0.465    0.422    0.117    1.394     89.20  | 80.02   19.67   88.23  | 2 min 51 sec|
|   6   | 0.64 56.79 40.33 58.06 | 0.000010   0.415    0.450    0.391    0.112    1.368     86.67  | 80.02   19.67   88.23  | 3 min 21 sec|
|   7   | 0.53 69.47 28.12 74.38 | 0.000010   0.457    0.455    0.372    0.110    1.395     78.41  | 80.02   19.67   88.23  | 3 min 52 sec|
|   8   | 0.50 80.69 14.91 87.19 | 0.000010   0.386    0.413    0.340    0.105    1.244     86.59  | 80.69   14.91   87.19  | 4 min 23 sec|
|   9   | 0.67 55.96 38.57 56.06 | 0.000010   0.369    0.393    0.314    0.102    1.178     90.07  | 80.69   14.91   87.19  | 4 min 53 sec|
|  10   | 0.60 66.59 27.37 72.36 | 0.000010   0.354    0.374    0.291    0.102    1.122     89.56  | 80.69   14.91   87.19  | 5 min 24 sec|
|  11   | 0.61 78.48 20.81 86.35 | 0.000010   0.425    0.379    0.275    0.107    1.185     87.02  | 80.69   14.91   87.19  | 5 min 54 sec|
|  12   | 0.57 79.56 20.18 88.67 | 0.000010   0.376    0.354    0.251    0.102    1.082     89.04  | 80.69   14.91   87.19  | 6 min 24 sec|
|  13   | 0.62 78.00 21.10 86.06 | 0.000010   0.369    0.337    0.232    0.100    1.039     90.16  | 80.69   14.91   87.19  | 6 min 54 sec|
|  14   | 0.62 73.17 26.01 81.28 | 0.000010   0.333    0.331    0.215    0.099    0.978     91.02  | 80.69   14.91   87.19  | 7 min 24 sec|
|  15   | 0.66 65.41 32.05 74.13 | 0.000010   0.405    0.327    0.197    0.102    1.030     85.88  | 80.69   14.91   87.19  | 7 min 55 sec|
|  16   | 0.77 56.06 42.01 54.55 | 0.000010   0.354    0.289    0.180    0.099    0.923     89.76  | 80.69   14.91   87.19  | 8 min 25 sec|
|  17   | 0.70 62.85 32.37 67.03 | 0.000010   0.398    0.294    0.165    0.100    0.958     86.67  | 80.69   14.91   87.19  | 8 min 55 sec|
|  18   | 0.63 70.10 27.05 77.36 | 0.000010   0.410    0.265    0.150    0.098    0.924     88.75  | 80.69   14.91   87.19  | 9 min 26 sec|
|  19   | 0.64 71.76 27.79 79.94 | 0.000010   0.360    0.249    0.141    0.101    0.850     90.84  | 80.69   14.91   87.19  | 9 min 56 sec|
|  20   | 0.67 59.37 36.00 62.74 | 0.000010   0.367    0.237    0.130    0.100    0.834     90.45  | 80.69   14.91   87.19  |10 min 26 sec|
