
Starting training from epoch 1
------------------------------------------------------- [START 2025-11-14 14:24:16] -------------------------------------------------------

                                                       ** Starting UniBiFAS Model Training! **                                                       
| epoch |-------- VALID ---------|----------------------------- Train -----------------------------|----- Current Best -----|    time     |
|       | loss top-1  HTER  AUC  |    lr      L_bin    L_atk    L_art    L_seg   L_total    top-1  | top-1    HTER    AUC   |             |
|-----------------------------------------------------------------------------------------------------------------------------------------|
|   1   | 0.51 59.33 40.43 62.80 | 0.000100   0.385    0.795    0.528    0.139    1.847     86.86  | 59.33   40.43   62.80  | 0 min 31 sec|
|   2   | 0.49 74.67 24.97 83.20 | 0.000100   0.309    0.544    0.318    0.119    1.291     91.02  | 74.67   24.97   83.20  | 1 min 02 sec|
|   3   | 0.57 58.36 40.68 59.42 | 0.000100   0.330    0.524    0.201    0.117    1.171     90.75  | 74.67   24.97   83.20  | 1 min 32 sec|
|   4   | 0.52 54.48 44.19 57.15 | 0.000100   0.301    0.349    0.120    0.115    0.886     90.91  | 74.67   24.97   83.20  | 2 min 03 sec|
|   5   | 0.53 58.42 41.49 61.80 | 0.000100   0.307    0.245    0.089    0.116    0.757     90.90  | 74.67   24.97   83.20  | 2 min 33 sec|
|   6   | 0.52 60.51 36.53 65.88 | 0.000100   0.278    0.179    0.064    0.116    0.637     90.94  | 74.67   24.97   83.20  | 3 min 03 sec|
|   7   | 0.56 49.27 47.31 48.84 | 0.000100   0.284    0.139    0.045    0.114    0.583     90.96  | 74.67   24.97   83.20  | 3 min 34 sec|
|   8   | 0.55 51.13 46.52 48.07 | 0.000100   0.260    0.102    0.038    0.114    0.514     90.77  | 74.67   24.97   83.20  | 4 min 04 sec|
|   9   | 0.50 61.70 38.03 65.02 | 0.000100   0.247    0.074    0.032    0.114    0.466     90.85  | 74.67   24.97   83.20  | 4 min 34 sec|
|  10   | 0.58 57.76 41.73 60.47 | 0.000100   0.211    0.065    0.030    0.110    0.416     91.72  | 74.67   24.97   83.20  | 5 min 05 sec|
|  11   | 0.55 54.26 44.10 56.65 | 0.000100   0.164    0.060    0.026    0.102    0.351     92.65  | 74.67   24.97   83.20  | 5 min 35 sec|
|  12   | 0.61 53.23 44.99 55.10 | 0.000100   0.138    0.051    0.022    0.089    0.301     94.14  | 74.67   24.97   83.20  | 6 min 05 sec|
|  13   | 0.59 58.22 41.41 61.94 | 0.000100   0.115    0.046    0.018    0.080    0.259     95.20  | 74.67   24.97   83.20  | 6 min 36 sec|
|  14   | 0.81 60.30 38.93 64.52 | 0.000100   0.073    0.051    0.018    0.073    0.215     97.01  | 74.67   24.97   83.20  | 7 min 06 sec|
