
Starting training from epoch 1
------------------------------------------------------- [START 2025-11-14 04:50:53] -------------------------------------------------------

                                                       ** Starting UniBiFAS Model Training! **                                                       
| epoch |-------- VALID ---------|----------------------------- Train -----------------------------|----- Current Best -----|    time     |
|       | loss top-1  HTER  AUC  |    lr      L_bin    L_atk    L_art    L_seg   L_total    top-1  | top-1    HTER    AUC   |             |
|-----------------------------------------------------------------------------------------------------------------------------------------|
|   1   | 0.46 52.86 43.64 53.69 | 0.000010   0.404    0.305    0.222    0.116    1.047     85.00  | 52.86   43.64   53.69  | 2 min 54 sec|
|   2   | 0.47 59.76 38.86 60.50 | 0.000010   0.288    0.129    0.054    0.107    0.578     90.72  | 59.76   38.86   60.50  | 3 min 56 sec|
|   3   | 0.48 61.43 37.86 62.31 | 0.000010   0.242    0.092    0.035    0.102    0.471     90.98  | 61.43   37.86   62.31  | 4 min 58 sec|
|   4   | 0.44 67.14 32.14 71.88 | 0.000010   0.197    0.070    0.027    0.096    0.390     92.04  | 67.14   32.14   71.88  | 6 min 00 sec|
|   5   | 0.45 65.71 32.29 70.94 | 0.000010   0.163    0.056    0.023    0.089    0.330     93.38  | 67.14   32.14   71.88  | 7 min 01 sec|
|   6   | 0.45 62.14 35.21 68.05 | 0.000010   0.126    0.048    0.019    0.082    0.275     94.91  | 67.14   32.14   71.88  | 8 min 02 sec|
|   7   | 0.53 63.33 35.64 67.70 | 0.000010   0.098    0.039    0.017    0.076    0.231     96.09  | 67.14   32.14   71.88  | 9 min 02 sec|
|   8   | 0.57 61.31 36.57 66.79 | 0.000010   0.079    0.037    0.015    0.072    0.203     96.73  | 67.14   32.14   71.88  |10 min 03 sec|
|   9   | 0.67 63.33 36.36 68.08 | 0.000010   0.067    0.030    0.014    0.069    0.180     97.20  | 67.14   32.14   71.88  |11 min 04 sec|
|  10   | 0.73 60.95 37.43 66.09 | 0.000010   0.059    0.027    0.013    0.066    0.166     97.60  | 67.14   32.14   71.88  |12 min 05 sec|
|  11   | 0.78 67.86 31.71 73.83 | 0.000010   0.054    0.023    0.011    0.065    0.153     97.82  | 67.86   31.71   73.83  |13 min 07 sec|
|  12   | 0.80 66.43 32.43 73.45 | 0.000010   0.049    0.022    0.011    0.064    0.145     98.11  | 67.86   31.71   73.83  |14 min 08 sec|
|  13   | 0.83 60.71 36.86 66.03 | 0.000010   0.044    0.023    0.011    0.063    0.141     98.26  | 67.86   31.71   73.83  |15 min 09 sec|
|  14   | 0.84 63.57 35.00 69.24 | 0.000010   0.042    0.019    0.009    0.062    0.132     98.41  | 67.86   31.71   73.83  |16 min 10 sec|
|  15   | 0.85 65.00 34.43 69.82 | 0.000010   0.038    0.017    0.009    0.062    0.127     98.52  | 67.86   31.71   73.83  |17 min 11 sec|
|  16   | 0.78 66.43 32.50 71.24 | 0.000010   0.036    0.016    0.008    0.062    0.122     98.54  | 67.86   31.71   73.83  |18 min 12 sec|
|  17   | 0.86 66.43 32.21 72.72 | 0.000010   0.035    0.014    0.008    0.061    0.119     98.64  | 67.86   31.71   73.83  |19 min 13 sec|
|  18   | 0.86 66.90 31.21 72.38 | 0.000010   0.034    0.018    0.008    0.061    0.121     98.66  | 66.90   31.21   72.38  |20 min 15 sec|
|  19   | 0.82 66.43 32.43 71.92 | 0.000010   0.032    0.015    0.007    0.061    0.114     98.74  | 66.90   31.21   72.38  |21 min 16 sec|
|  20   | 0.81 69.05 30.64 74.61 | 0.000010   0.030    0.012    0.007    0.060    0.109     98.87  | 69.05   30.64   74.61  |22 min 18 sec|
